IMG0111 216 276 246 305
IMG0112 213 278 247 307
IMG0113 208 262 249 301
IMG0114 205 260 250 298
IMG0115 206 260 245 294
IMG0116 203 256 252 300
IMG0117 199 257 248 296
IMG0118 203 257 248 297
IMG0119 201 255 257 302
IMG0120 204 254 249 297
IMG0121 205 252 253 301
IMG0122 205 240 257 297
IMG0123 199 234 262 301
IMG0124 201 236 262 295
IMG0125 203 237 261 297
IMG0126 197 233 262 304
IMG0127 201 229 268 309
IMG0128 199 233 269 305
IMG0129 198 237 270 308
IMG0130 197 236 267 306
IMG0131 196 234 266 305
IMG0132 227 248 267 305
IMG0133 227 240 270 308
IMG0134 230 244 266 303
IMG0135 224 246 269 310
IMG0136 236 249 264 299
IMG0137 227 251 275 307
IMG0138 227 252 275 306
IMG0139 237 243 271 299
IMG0140 227 240 273 291
IMG0141 235 240 276 288
IMG0142 240 237 278 279
IMG0143 252 239 277 275
IMG0144 253 241 276 266
IMG0145 254 240 277 267
IMG0146 254 241 278 269
IMG0147 254 242 279 267
IMG0148 257 242 278 265
IMG0149 255 241 274 263
IMG0150 257 244 272 261
IMG0151 257 244 272 260
IMG0152 254 242 274 261
IMG0153 253 243 268 259
image_00000 439 454 518 527
image_00001 451 462 511 522
image_00002 451 457 510 518
image_00003 453 452 515 520
image_00004 453 451 514 520
image_00005 454 452 509 519
image_00006 455 455 512 514
image_00007 449 452 518 517
image_00008 452 452 514 518
image_00009 450 452 520 520
image_00010 447 448 514 519
image_00011 448 444 517 524
image_00012 442 449 520 525
image_00013 446 444 524 524
image_00014 450 445 521 524
image_00015 458 435 520 519
image_00016 451 425 531 523
image_00017 451 425 542 524
image_00018 444 417 543 527
image_00019 447 424 544 523
image_00020 444 422 550 528
image_00021 444 425 553 530
image_00022 438 427 550 533
image_00023 443 418 550 530
image_00024 444 418 549 533
image_00025 436 420 552 530
image_00026 445 425 550 533
image_00027 439 427 550 530
image_00028 443 423 553 530
image_00029 437 431 555 521
image_00030 486 423 554 532
image_00031 475 416 553 538
image_00032 481 430 558 537
image_00033 488 425 549 533
image_00034 490 426 554 536
image_00035 495 430 552 533
image_00036 492 420 555 534
image_00037 492 429 561 534
image_00038 494 426 571 526
image_00039 490 431 571 532
image_00040 488 429 577 522
image_00041 491 431 572 527
image_00042 487 416 574 528
image_00043 485 409 575 528
image_00044 500 418 575 504
image_00045 489 415 575 516
image_00046 496 415 575 503
image_00047 519 414 573 476
image_00048 522 416 570 478
image_00049 521 417 569 471
image_00050 532 423 568 473
image_00051 534 419 570 468
image_00052 525 422 574 471
image_00053 527 424 571 467
image_00054 532 426 574 463
image_00055 529 426 570 466
image_00056 532 421 567 465
image_00057 535 418 565 461
image_00058 538 426 563 461
image_00059 536 424 561 457
image_00060 537 424 560 456
image_00061 535 426 561 455
image_00062 531 426 562 457
image_00063 528 422 560 452
